#title verifySimpson integral=2.490084E-40 
#yName func{c}
#xName x
#xMin 7.716828E+01
#xMax 9.342080E+01
#xDim  100
#xScale 0
#---   starting of data ---
#  func(x)
 0.000000E+00
 0.000000E+00
 0.000000E+00
 0.000000E+00
 0.000000E+00
 0.000000E+00
 0.000000E+00
 0.000000E+00
 0.000000E+00
 0.000000E+00
 0.000000E+00
 0.000000E+00
 0.000000E+00
 0.000000E+00
 0.000000E+00
 0.000000E+00
 0.000000E+00
 0.000000E+00
 0.000000E+00
 0.000000E+00
 0.000000E+00
 0.000000E+00
 0.000000E+00
 0.000000E+00
 0.000000E+00
 0.000000E+00
 0.000000E+00
 0.000000E+00
 0.000000E+00
 0.000000E+00
 0.000000E+00
 0.000000E+00
 0.000000E+00
 0.000000E+00
 0.000000E+00
 0.000000E+00
 0.000000E+00
 0.000000E+00
 0.000000E+00
 0.000000E+00
 0.000000E+00
 0.000000E+00
 0.000000E+00
 0.000000E+00
 0.000000E+00
 0.000000E+00
 0.000000E+00
 0.000000E+00
 0.000000E+00
 0.000000E+00
 0.000000E+00
 0.000000E+00
 0.000000E+00
 0.000000E+00
 0.000000E+00
 0.000000E+00
 0.000000E+00
 0.000000E+00
 0.000000E+00
 0.000000E+00
 0.000000E+00
 0.000000E+00
 0.000000E+00
 0.000000E+00
 0.000000E+00
 0.000000E+00
 0.000000E+00
 0.000000E+00
 0.000000E+00
 0.000000E+00
 0.000000E+00
 0.000000E+00
 0.000000E+00
 0.000000E+00
 0.000000E+00
 0.000000E+00
 0.000000E+00
 0.000000E+00
 0.000000E+00
 0.000000E+00
 0.000000E+00
 0.000000E+00
 0.000000E+00
 0.000000E+00
 0.000000E+00
 0.000000E+00
 0.000000E+00
 0.000000E+00
 0.000000E+00
 0.000000E+00
 0.000000E+00
 0.000000E+00
 0.000000E+00
 0.000000E+00
 0.000000E+00
 0.000000E+00
 0.000000E+00
 0.000000E+00
 0.000000E+00
 0.000000E+00
