==================
 3.367225E+00
 3.367225E+00
 3.367225E+00
 3.367218E+00
 3.367236E+00
 3.367327E+00
 3.367789E+00
 3.369577E+00
 3.375140E+00
 3.389567E+00
 3.421631E+00
 3.483974E+00
 3.591811E+00
 3.760308E+00
 4.001273E+00
 4.320329E+00
 4.715282E+00
 5.176142E+00
 5.686519E+00
 6.226007E+00
 6.773069E+00
 7.307678E+00
 7.813248E+00
 8.277698E+00
 8.693623E+00
 9.057871E+00
 9.370780E+00
 9.635148E+00
 9.855387E+00
 1.003668E+01
 1.018442E+01
 1.030384E+01
 1.039973E+01
 1.047631E+01
 1.053723E+01
 1.059820E+01
 1.064156E+01
 1.067268E+01
 1.069527E+01
 1.071181E+01
 1.072404E+01
 1.073316E+01
 1.073739E+01
 1.074069E+01
 1.074331E+01
 1.074537E+01
 1.074688E+01
 1.074735E+01
 1.074778E+01
 1.074817E+01
 1.074851E+01
 1.074884E+01
 1.074933E+01
 1.075043E+01
 1.075336E+01
 1.076077E+01
 1.077753E+01
 1.081131E+01
 1.087258E+01
 1.097353E+01
 1.112614E+01
 1.133969E+01
 1.161852E+01
 1.196052E+01
 1.235724E+01
 1.279494E+01
 1.325688E+01
 1.372576E+01
 1.395787E+01
 1.418625E+01
 1.440965E+01
 1.462717E+01
 1.483832E+01
 1.504310E+01
 1.524195E+01
 1.543596E+01
 1.562681E+01
 1.581691E+01
 1.600955E+01
 1.620904E+01
 1.642098E+01
 1.665235E+01
 1.691161E+01
 1.721408E+01
 1.783622E+01
 1.864739E+01
 1.969002E+01
 2.101972E+01
 2.270393E+01
 2.482478E+01
 2.748382E+01
 3.078691E+01
 3.386316E+01
 3.686571E+01
 3.981283E+01
 4.271568E+01
 4.558364E+01
 4.842208E+01
 5.109668E+01
 5.348867E+01
 5.562629E+01
 5.753591E+01
 5.924052E+01
 6.076071E+01
 6.211520E+01
 6.332116E+01
 6.439460E+01
 6.535049E+01
 6.620313E+01
 6.696620E+01
 6.765278E+01
 6.827622E+01
 6.888694E+01
 6.952367E+01
 7.018142E+01
 7.085580E+01
 7.154337E+01
 7.224144E+01
 7.294806E+01
 7.365944E+01
 7.425220E+01
 7.485346E+01
 7.546306E+01
 7.607907E+01
 7.670017E+01
 7.732531E+01
 7.795393E+01
 7.858293E+01
 7.906657E+01
 7.954062E+01
 8.000275E+01
 8.044941E+01
 8.091137E+01
 8.135426E+01
 8.177557E+01
 8.217386E+01
 8.254811E+01
 8.289781E+01
 8.322281E+01
 8.352337E+01
 8.405341E+01
 8.449496E+01
 8.485742E+01
 8.515123E+01
 8.538690E+01
 8.557439E+01
 8.572291E+01
 8.584129E+01
 8.593914E+01
 8.602887E+01
 8.612836E+01
 8.626350E+01
 8.635495E+01
 8.646887E+01
 8.661053E+01
 8.678528E+01
 8.699822E+01
 8.725393E+01
 8.755627E+01
 8.790804E+01
 8.831085E+01
 8.876494E+01
 8.926914E+01
 8.982085E+01
 9.041614E+01
 9.104999E+01
 9.171639E+01
 9.240866E+01
 9.311966E+01
 9.384205E+01
 9.456866E+01
 9.529256E+01
 9.600727E+01
 9.670689E+01
 9.738635E+01
 9.804131E+01
 9.866822E+01
 9.926439E+01
 9.982779E+01
 1.003572E+02
 1.008521E+02
 1.013123E+02
 1.017383E+02
 1.021310E+02
 1.024915E+02
 1.028213E+02
 1.031220E+02
 1.033952E+02
 1.036428E+02
 1.038666E+02
 1.040684E+02
 1.042499E+02
 1.044130E+02
 1.045593E+02
 1.046900E+02
 1.048070E+02
 1.049114E+02
 1.050045E+02
 1.050876E+02
 1.051614E+02
 1.052270E+02
 1.052855E+02
 1.053374E+02
 1.053835E+02
 1.054245E+02
 1.054609E+02
 1.054931E+02
 1.055218E+02
 1.055472E+02
 1.055699E+02
 1.055899E+02
 1.056077E+02
 1.056235E+02
 1.056375E+02
 1.056499E+02
 1.056610E+02
 1.056709E+02
 1.056796E+02
 1.056873E+02
 1.056942E+02
 1.057003E+02
 1.057059E+02
 1.057106E+02
 1.057150E+02
 1.057188E+02
 1.057222E+02
 1.057252E+02
 1.057279E+02
 1.057303E+02
 1.057325E+02
 1.057344E+02
 1.057361E+02
 1.057377E+02
 1.057390E+02
 1.057402E+02
 1.057413E+02
 1.057422E+02
 1.057431E+02
 1.057438E+02
 1.057444E+02
 1.057450E+02
 1.057456E+02
 1.057460E+02
 1.057465E+02
 1.057468E+02
 1.057472E+02
 1.057475E+02
 1.057478E+02
 1.057481E+02
 1.057483E+02
 1.057485E+02
 1.057486E+02
 1.057487E+02
 1.057488E+02
 1.057490E+02
 1.057491E+02
 1.057492E+02
 1.057494E+02
 1.057494E+02
 1.057495E+02
 1.057494E+02
 1.057495E+02
 1.057496E+02
 1.057497E+02
 1.057496E+02
 1.057497E+02
 1.057497E+02
 1.057498E+02
 1.057498E+02
 1.057498E+02
 1.057499E+02
 1.057499E+02
 1.057499E+02
 1.057498E+02
 1.057500E+02
 1.057500E+02
=====================
 Age of Univerce=1.379430e+10
 teq=5.01E+04 yr
Free Streaming (p/m=%.2, T1=%.2) = 5.00E-01[Mpc]
Font n=201 :-misc-fixed-medium-r-normal--20-200-75-75-c-100-iso8859-1: width=10/10 height=20 
